0.1 0.8547088125592514 1.9256148849661683e+17 1.2342812790049352e+17
0.1 1.2990813969063477 1.9256148849661683e+17 1.2342812790049352e+17
0.1 1.9744882128159367 1.9256148849661683e+17 1.2342812790049352e+17
0.1 3.001046517818873 1.9256148849661683e+17 1.2342812790049352e+17
0.1 4.561323862890213 1.9256148849661683e+17 1.2342812790049352e+17
0.1 6.932806692144523 1.9256148849661683e+17 1.2342812790049352e+17
0.2 0.8547088125592514 1.2776823575012016e+16 273745197898796.3
0.2 1.2990813969063477 1.2776823575012016e+16 273745197898796.3
0.2 1.9744882128159367 1.2776823575012016e+16 273745197898796.3
0.2 3.001046517818873 1.2776823575012016e+16 273745197898796.3
0.2 4.561323862890213 1.2776823575012016e+16 273745197898796.3
0.2 6.932806692144523 1.2776823575012016e+16 273745197898796.3
0.3 0.8547088125592514 6.8386285261934104e+16 2.8130256044454925e+17
0.3 1.2990813969063477 6.8386285261934104e+16 2.8130256044454925e+17
0.3 1.9744882128159367 6.8386285261934104e+16 2.8130256044454925e+17
0.3 3.001046517818873 6.8386285261934104e+16 2.8130256044454925e+17
0.3 4.561323862890213 6.8386285261934104e+16 2.8130256044454925e+17
0.3 6.932806692144523 6.8386285261934104e+16 2.8130256044454925e+17
0.4 0.8547088125592514 4.446343903231036e+16 7.110519934587676e+16
0.4 1.2990813969063477 4.446343903231036e+16 7.110519934587676e+16
0.4 1.9744882128159367 4.446343903231036e+16 7.110519934587676e+16
0.4 3.001046517818873 4.446343903231036e+16 7.110519934587676e+16
0.4 4.561323862890213 4.446343903231036e+16 7.110519934587676e+16
0.4 6.932806692144523 4.446343903231036e+16 7.110519934587676e+16
0.5 0.8547088125592514 1.0772335084900302e+17 nan
0.5 1.2990813969063477 1.0772335084900302e+17 nan
0.5 1.9744882128159367 1.0772335084900302e+17 nan
0.5 3.001046517818873 1.0772335084900302e+17 nan
0.5 4.561323862890213 1.0772335084900302e+17 nan
0.5 6.932806692144523 1.0772335084900302e+17 nan
0.6 0.8547088125592514 3.3455154735615452e+16 nan
0.6 1.2990813969063477 3.3455154735615452e+16 nan
0.6 1.9744882128159367 3.3455154735615452e+16 nan
0.6 3.001046517818873 3.3455154735615452e+16 nan
0.6 4.561323862890213 3.3455154735615452e+16 nan
0.6 6.932806692144523 3.3455154735615452e+16 nan
0.7 0.8547088125592514 2.4894228415039244e+16 nan
0.7 1.2990813969063477 2.4894228415039244e+16 nan
0.7 1.9744882128159367 2.4894228415039244e+16 nan
0.7 3.001046517818873 2.4894228415039244e+16 nan
0.7 4.561323862890213 2.4894228415039244e+16 nan
0.7 6.932806692144523 2.4894228415039244e+16 nan
0.7999999999999999 0.8547088125592514 5.885161611080434e+17 nan
0.7999999999999999 1.2990813969063477 5.885161611080434e+17 nan
0.7999999999999999 1.9744882128159367 5.885161611080434e+17 nan
0.7999999999999999 3.001046517818873 5.885161611080434e+17 nan
0.7999999999999999 4.561323862890213 5.885161611080434e+17 nan
0.7999999999999999 6.932806692144523 5.885161611080434e+17 nan
0.8999999999999999 0.8547088125592514 nan nan
0.8999999999999999 1.2990813969063477 nan nan
0.8999999999999999 1.9744882128159367 nan nan
0.8999999999999999 3.001046517818873 nan nan
0.8999999999999999 4.561323862890213 nan nan
0.8999999999999999 6.932806692144523 nan nan
0.9999999999999999 0.8547088125592514 nan nan
0.9999999999999999 1.2990813969063477 nan nan
0.9999999999999999 1.9744882128159367 nan nan
0.9999999999999999 3.001046517818873 nan nan
0.9999999999999999 4.561323862890213 nan nan
0.9999999999999999 6.932806692144523 nan nan
1.0999999999999999 0.8547088125592514 nan 6.619863409885622e+17
1.0999999999999999 1.2990813969063477 nan 6.619863409885622e+17
1.0999999999999999 1.9744882128159367 nan 6.619863409885622e+17
1.0999999999999999 3.001046517818873 nan 6.619863409885622e+17
1.0999999999999999 4.561323862890213 nan 6.619863409885622e+17
1.0999999999999999 6.932806692144523 nan 6.619863409885622e+17
1.2 0.8547088125592514 1.8359792671749388e+16 nan
1.2 1.2990813969063477 1.8359792671749388e+16 nan
1.2 1.9744882128159367 1.8359792671749388e+16 nan
1.2 3.001046517818873 1.8359792671749388e+16 nan
1.2 4.561323862890213 1.8359792671749388e+16 nan
1.2 6.932806692144523 1.8359792671749388e+16 nan
1.3 0.8547088125592514 nan 8.905140432272128e+16
1.3 1.2990813969063477 nan 8.905140432272128e+16
1.3 1.9744882128159367 nan 8.905140432272128e+16
1.3 3.001046517818873 nan 8.905140432272128e+16
1.3 4.561323862890213 nan 8.905140432272128e+16
1.3 6.932806692144523 nan 8.905140432272128e+16
1.4 0.8547088125592514 4226.653347838915 4226.653347906645
1.4 1.2990813969063477 5.7085818085754616e+16 1.7449603010015565e+17
1.4 1.9744882128159367 5.7085818085754616e+16 1.7449603010015565e+17
1.4 3.001046517818873 5.7085818085754616e+16 1.7449603010015565e+17
1.4 4.561323862890213 5.7085818085754616e+16 1.7449603010015565e+17
1.4 6.932806692144523 5.7085818085754616e+16 1.7449603010015565e+17
1.5 0.8547088125592514 2245.5948777558615 2379.750252018172
1.5 1.2990813969063477 1.5818951693368323e+17 1.3868646256919752e+18
1.5 1.9744882128159367 1.5818951693368323e+17 1.3868646256919752e+18
1.5 3.001046517818873 1.5818951693368323e+17 1.3868646256919752e+18
1.5 4.561323862890213 1.5818951693368323e+17 1.3868646256919752e+18
1.5 6.932806692144523 1.5818951693368323e+17 1.3868646256919752e+18
1.5999999999999999 0.8547088125592514 5539.685930503707 2520.118120142772
1.5999999999999999 1.2990813969063477 9.67211123339324e+16 3470643599519430.5
1.5999999999999999 1.9744882128159367 9.67211123339324e+16 3470643599519430.5
1.5999999999999999 3.001046517818873 9.67211123339324e+16 3470643599519430.5
1.5999999999999999 4.561323862890213 9.67211123339324e+16 3470643599519430.5
1.5999999999999999 6.932806692144523 9.67211123339324e+16 3470643599519430.5
1.7 0.8547088125592514 835.9882127379338 2396.507532293474
1.7 1.2990813969063477 6.908657364160576e+17 5.647267796479624e+17
1.7 1.9744882128159367 6.908657364160576e+17 5.647267796479624e+17
1.7 3.001046517818873 6.908657364160576e+17 5.647267796479624e+17
1.7 4.561323862890213 6.908657364160576e+17 5.647267796479624e+17
1.7 6.932806692144523 6.908657364160576e+17 5.647267796479624e+17
1.8 0.8547088125592514 716.3924797945823 1515.919092004277
1.8 1.2990813969063477 9.227714657605105e+17 7.661465524721418e+16
1.8 1.9744882128159367 9.227714657605105e+17 7.661465524721418e+16
1.8 3.001046517818873 9.227714657605105e+17 7.661465524721418e+16
1.8 4.561323862890213 9.227714657605105e+17 7.661465524721418e+16
1.8 6.932806692144523 9.227714657605105e+17 7.661465524721418e+16
1.9 0.8547088125592514 318.8607736473133 669.5074970181006
1.9 1.2990813969063477 nan 5.263393084412041e+18
1.9 1.9744882128159367 nan 5.263393084412041e+18
1.9 3.001046517818873 nan 5.263393084412041e+18
1.9 4.561323862890213 nan 5.263393084412041e+18
1.9 6.932806692144523 nan 5.263393084412041e+18
2.0 0.8547088125592514 308.952068027427 365.2503640543401
2.0 1.2990813969063477 26201392702935.5 9.781726583732479e+17
2.0 1.9744882128159367 26201392702935.5 9.781726583732479e+17
2.0 3.001046517818873 26201392702935.5 9.781726583732479e+17
2.0 4.561323862890213 26201392702935.5 9.781726583732479e+17
2.0 6.932806692144523 26201392702935.5 9.781726583732479e+17
2.0999999999999996 0.8547088125592514 403.57692231057837 418.20724499082723
2.0999999999999996 1.2990813969063477 nan nan
2.0999999999999996 1.9744882128159367 nan nan
2.0999999999999996 3.001046517818873 nan nan
2.0999999999999996 4.561323862890213 nan nan
2.0999999999999996 6.932806692144523 nan nan
2.1999999999999997 0.8547088125592514 275.24201454771 146.04943414171836
2.1999999999999997 1.2990813969063477 1.482664301373402e+17 2524542050296219.0
2.1999999999999997 1.9744882128159367 1.482664301373402e+17 2524542050296219.0
2.1999999999999997 3.001046517818873 1.482664301373402e+17 2524542050296219.0
2.1999999999999997 4.561323862890213 1.482664301373402e+17 2524542050296219.0
2.1999999999999997 6.932806692144523 1.482664301373402e+17 2524542050296219.0
2.3 0.8547088125592514 82.9279673930106 92.54274324249113
2.3 1.2990813969063477 9913.685337966212 9913.685337975896
2.3 1.9744882128159367 3.5021390617111264e+17 1.7387262586977536e+16
2.3 3.001046517818873 3.5021390617111264e+17 1.7387262586977536e+16
2.3 4.561323862890213 3.5021390617111264e+17 1.7387262586977536e+16
2.3 6.932806692144523 3.5021390617111264e+17 1.7387262586977536e+16
2.4 0.8547088125592514 418.5327139085581 113.32878492805467
2.4 1.2990813969063477 5.969263717745641e+16 1.734220844186361e+18
2.4 1.9744882128159367 5.969263717745641e+16 1.734220844186361e+18
2.4 3.001046517818873 5.969263717745641e+16 1.734220844186361e+18
2.4 4.561323862890213 5.969263717745641e+16 1.734220844186361e+18
2.4 6.932806692144523 5.969263717745641e+16 1.734220844186361e+18
2.5 0.8547088125592514 60.39326534936893 67.18796359378516
2.5 1.2990813969063477 2419.155840568853 4642.704073616753
2.5 1.9744882128159367 1.2629569227585816e+17 1.2398687638093552e+16
2.5 3.001046517818873 1.2629569227585816e+17 1.2398687638093552e+16
2.5 4.561323862890213 1.2629569227585816e+17 1.2398687638093552e+16
2.5 6.932806692144523 1.2629569227585816e+17 1.2398687638093552e+16
2.6 0.8547088125592514 64.25433917449544 62.996691394372846
2.6 1.2990813969063477 4062.457195506488 2901.8670110194457
2.6 1.9744882128159367 2.8008238878054164e+16 3.372222546398666e+17
2.6 3.001046517818873 2.8008238878054164e+16 3.372222546398666e+17
2.6 4.561323862890213 2.8008238878054164e+16 3.372222546398666e+17
2.6 6.932806692144523 2.8008238878054164e+16 3.372222546398666e+17
2.6999999999999997 0.8547088125592514 41.472381975665925 46.828191135199255
2.6999999999999997 1.2990813969063477 6843.433089469327 6489.485669137337
2.6999999999999997 1.9744882128159367 nan 1.215979221196179e+17
2.6999999999999997 3.001046517818873 nan 1.215979221196179e+17
2.6999999999999997 4.561323862890213 nan 1.215979221196179e+17
2.6999999999999997 6.932806692144523 nan 1.215979221196179e+17
2.8 0.8547088125592514 33.7755931348414 31.178720093840543
2.8 1.2990813969063477 1.378598539616648e+16 nan
2.8 1.9744882128159367 1.378598539616648e+16 nan
2.8 3.001046517818873 1.378598539616648e+16 nan
2.8 4.561323862890213 1.378598539616648e+16 nan
2.8 6.932806692144523 1.378598539616648e+16 nan
2.9 0.8547088125592514 26.467470601270936 30.391597518361447
2.9 1.2990813969063477 5249.215785945396 4487.514539325539
2.9 1.9744882128159367 1.606055014414303e+17 1.2955230637346557e+17
2.9 3.001046517818873 1.606055014414303e+17 1.2955230637346557e+17
2.9 4.561323862890213 1.606055014414303e+17 1.2955230637346557e+17
2.9 6.932806692144523 1.606055014414303e+17 1.2955230637346557e+17
3.0 0.8547088125592514 39.39632637375585 25.675127550134214
3.0 1.2990813969063477 4688.285326393434 2004.5921076805043
3.0 1.9744882128159367 2.9355308392636464e+16 nan
3.0 3.001046517818873 2.9355308392636464e+16 nan
3.0 4.561323862890213 2.9355308392636464e+16 nan
3.0 6.932806692144523 2.9355308392636464e+16 nan
