0.1 0.005623413251903491 661.3897505418199 4369.476414777702
0.1 0.00854708812559251 534.0954105613642 3450.0628996657647
0.1 0.01299081396906348 389.145201987439 3320.3830782023015
0.1 0.019744882128159367 77.05727638595282 885.9433613379117
0.1 0.030010465178188735 52.23881055367385 519.6093218511307
0.1 0.04561323862890215 24.455648787124908 250.0692648447417
0.1 0.06932806692144523 11.968029208095244 127.04947871915189
0.1 0.1053724972736073 13.45387985558478 85.61433248782909
0.1 0.16015682644458357 1476.024624555683 2715.482127251719
0.1 0.24342413552369208 6814651727644106.0 5.633392425601071e+17
0.1 0.3699830414406966 6814651727644106.0 5.633392425601071e+17
0.1 0.5623413251903491 6814651727644106.0 5.633392425601071e+17
0.2 0.005623413251903491 2376.812597985759 7018.763680175939
0.2 0.00854708812559251 1285.1161141237342 2543.745701770608
0.2 0.01299081396906348 341.291681743557 1414.5384797528377
0.2 0.019744882128159367 185.42796767483702 2944.7191127913165
0.2 0.030010465178188735 128.68954059146807 1222.1804489555032
0.2 0.04561323862890215 74.24941756848007 917.5132753926326
0.2 0.06932806692144523 22.343663430260094 267.2563818116656
0.2 0.1053724972736073 14.51364938649903 136.5341604040288
0.2 0.16015682644458357 17.93944471074196 116.65192822185608
0.2 0.24342413552369208 1354.1179645108296 12300.495701047816
0.2 0.3699830414406966 3.970017684644858e+17 3.757312242590958e+16
0.2 0.5623413251903491 3.970017684644858e+17 3.757312242590958e+16
0.3 0.005623413251903491 2585.019410871261 11477.331692762193
0.3 0.00854708812559251 1200.4176188325632 8087.680752629784
0.3 0.01299081396906348 897.7958025470725 1966.6414004389312
0.3 0.019744882128159367 294.54959077261185 2202.427234552622
0.3 0.030010465178188735 198.34478146419414 1027.5688057319076
0.3 0.04561323862890215 55.826670805544936 576.3436192603243
0.3 0.06932806692144523 52.809238551281936 273.2611217007206
0.3 0.1053724972736073 17.059980707959674 179.90562834622364
0.3 0.16015682644458357 15.260784579837136 122.48579444860127
0.3 0.24342413552369208 214.8390423772992 345.2226516544005
0.3 0.3699830414406966 1.6017912719315056e+16 6.152898670569934e+16
0.3 0.5623413251903491 1.6017912719315056e+16 6.152898670569934e+16
0.4 0.005623413251903491 1975.8119407957952 10951.649876206202
0.4 0.00854708812559251 2918.7541598313856 6457.2765034757085
0.4 0.01299081396906348 931.8907764746248 7172.347329603297
0.4 0.019744882128159367 264.21690988443413 2674.4410484490054
0.4 0.030010465178188735 173.6903372426205 1429.9532256656994
0.4 0.04561323862890215 86.62591773220034 1206.5321943556194
0.4 0.06932806692144523 53.75649545842213 408.6789358794141
0.4 0.1053724972736073 19.835421626315576 218.7222605472361
0.4 0.16015682644458357 15.926579499440553 138.6828047211003
0.4 0.24342413552369208 24.37172039643384 143.34123322830342
0.4 0.3699830414406966 7796.830583415309 7796.830577226463
0.4 0.5623413251903491 2.767885208765047e+18 2.040732109659625e+17
0.5 0.005623413251903491 3571.363779499506 10412.11357927051
0.5 0.00854708812559251 1285.3492127548593 9295.428505956741
0.5 0.01299081396906348 1258.8284369687494 6603.333301094198
0.5 0.019744882128159367 342.890714273897 2471.714525895038
0.5 0.030010465178188735 292.7858174077778 1704.15183922621
0.5 0.04561323862890215 138.21491120901288 669.1219280830129
0.5 0.06932806692144523 78.75308506680803 380.8700312393182
0.5 0.1053724972736073 24.769734217577778 290.12939731501814
0.5 0.16015682644458357 19.44770104695572 206.93527205760446
0.5 0.24342413552369208 17.03556209586511 103.9212511325261
0.5 0.3699830414406966 968.9109000143319 2658.221544248405
0.5 0.5623413251903491 1.626424396741642e+17 892874689910839.4
0.6 0.005623413251903491 8710.282461929537 13510.56123129066
0.6 0.00854708812559251 2464.351422440056 6107.974784918158
0.6 0.01299081396906348 3670.4713443938717 7811.9435819101745
0.6 0.019744882128159367 1150.7029984890846 5605.598788333446
0.6 0.030010465178188735 403.55105158179754 3158.388790731482
0.6 0.04561323862890215 306.4351094340708 1389.8336481113188
0.6 0.06932806692144523 67.15266012618068 839.5290013480927
0.6 0.1053724972736073 38.200578228676065 232.03773065479402
0.6 0.16015682644458357 19.912509882812273 139.91980068696836
0.6 0.24342413552369208 17.826959206734724 108.52539466269499
0.6 0.3699830414406966 390.11819615053054 385.61475138971707
0.6 0.5623413251903491 1.1074088819722046e+16 1.1139524323130774e+17
0.7 0.005623413251903491 4272.147726133888 3720.1205037214622
0.7 0.00854708812559251 3668.7873863276454 8621.200088466745
0.7 0.01299081396906348 2274.1433290452223 3660.579614928372
0.7 0.019744882128159367 2266.1028800218037 5798.262516473647
0.7 0.030010465178188735 516.1868201832285 2333.8218397019677
0.7 0.04561323862890215 386.45181856702527 981.4906290380206
0.7 0.06932806692144523 147.2065991263627 1162.2532435115377
0.7 0.1053724972736073 52.251408718198 816.1333100083059
0.7 0.16015682644458357 34.581631028706326 316.19572847935245
0.7 0.24342413552369208 16.661747500766797 125.35075057547304
0.7 0.3699830414406966 60.138346776346744 181.368462692842
0.7 0.5623413251903491 1492227148383695.5 3.419750101413088e+16
0.7999999999999999 0.005623413251903491 9379.702572672879 11651.35380654009
0.7999999999999999 0.00854708812559251 4278.442624724411 11087.854130144735
0.7999999999999999 0.01299081396906348 2981.5969635761285 5514.407009227121
0.7999999999999999 0.019744882128159367 4622.362124054941 10812.44690178577
0.7999999999999999 0.030010465178188735 1265.1588743985646 5664.249947752114
0.7999999999999999 0.04561323862890215 663.7557982218018 1967.5859388269166
0.7999999999999999 0.06932806692144523 160.38282947791475 1067.7133074900216
0.7999999999999999 0.1053724972736073 104.56613065466995 455.04901282450624
0.7999999999999999 0.16015682644458357 41.85087970663254 186.36798421455617
0.7999999999999999 0.24342413552369208 28.842167783865168 122.20788587763876
0.7999999999999999 0.3699830414406966 55.88128952523703 187.3537757365689
0.7999999999999999 0.5623413251903491 nan nan
0.8999999999999999 0.005623413251903491 5290.310227795889 5500.793818669
0.8999999999999999 0.00854708812559251 11091.546607066874 6019.873435646432
0.8999999999999999 0.01299081396906348 7676.651537078656 7244.946427970496
0.8999999999999999 0.019744882128159367 1614.4608151927378 4640.753282116074
0.8999999999999999 0.030010465178188735 1604.3037293576708 5346.63050643103
0.8999999999999999 0.04561323862890215 1338.4000137378362 2996.164722658593
0.8999999999999999 0.06932806692144523 209.16482542756327 834.6246838824047
0.8999999999999999 0.1053724972736073 136.9863322893378 490.524500730315
0.8999999999999999 0.16015682644458357 62.030805094167896 328.28835351583626
0.8999999999999999 0.24342413552369208 51.54088744488621 144.8069339047058
0.8999999999999999 0.3699830414406966 52.21416678127295 130.06248886833993
0.8999999999999999 0.5623413251903491 9978.742439586727 8310.286631921004
0.9999999999999999 0.005623413251903491 11070.785606476627 6216.948438629377
0.9999999999999999 0.00854708812559251 13421.304348125359 16200.290533714637
0.9999999999999999 0.01299081396906348 3590.358488788621 8069.1407303930755
0.9999999999999999 0.019744882128159367 3454.9423434351693 3937.042371650481
0.9999999999999999 0.030010465178188735 8369.236558481269 10136.923634344837
0.9999999999999999 0.04561323862890215 643.4228038165763 1502.6435523140715
0.9999999999999999 0.06932806692144523 468.34279996469485 1059.08823951798
0.9999999999999999 0.1053724972736073 443.8782375655542 1203.9014408160367
0.9999999999999999 0.16015682644458357 232.4604998114662 617.9727032122215
0.9999999999999999 0.24342413552369208 78.24976724154129 237.76079473666778
0.9999999999999999 0.3699830414406966 156.06293405605774 478.0605613393409
0.9999999999999999 0.5623413251903491 3995.759017208457 6770.270080383035
1.0999999999999999 0.005623413251903491 12897.174030595437 12344.919923278381
1.0999999999999999 0.00854708812559251 8039.821937888093 15665.3043609551
1.0999999999999999 0.01299081396906348 11742.94604254452 13957.943357945598
1.0999999999999999 0.019744882128159367 3322.394471355597 12899.107016374839
1.0999999999999999 0.030010465178188735 3602.1029880429305 8604.70714891413
1.0999999999999999 0.04561323862890215 1271.3979748294696 4010.0571377793594
1.0999999999999999 0.06932806692144523 709.5253719159016 2315.0283364825254
1.0999999999999999 0.1053724972736073 690.2834568781473 2316.588503345211
1.0999999999999999 0.16015682644458357 654.7763373611444 1678.8155052561324
1.0999999999999999 0.24342413552369208 382.9833595508884 989.8384066064275
1.0999999999999999 0.3699830414406966 266.23642905692054 729.4320731509836
1.0999999999999999 0.5623413251903491 2460.266402547829 5610.064442943106
1.2 0.005623413251903491 5264.417679191577 11163.88190698819
1.2 0.00854708812559251 6523.926055593584 6841.005737021696
1.2 0.01299081396906348 6109.417611635451 11283.775105982279
1.2 0.019744882128159367 2832.2998280109905 7200.662756736344
1.2 0.030010465178188735 3473.8982108336863 6784.83677305189
1.2 0.04561323862890215 3067.350209397482 10205.069439759607
1.2 0.06932806692144523 3403.4558710383662 5805.2832474907855
1.2 0.1053724972736073 533.695879409981 1766.0805024618794
1.2 0.16015682644458357 307.6996365330566 1318.2670811844403
1.2 0.24342413552369208 250.41541665486127 521.3205948945746
1.2 0.3699830414406966 198.15443914956523 499.3036636077361
1.2 0.5623413251903491 990.4811380053304 1450.1159946228267
1.3 0.005623413251903491 4713.024864828481 9919.881690042459
1.3 0.00854708812559251 5472.67776782665 13576.853464137415
1.3 0.01299081396906348 2775.019154795439 7851.435022767102
1.3 0.019744882128159367 3345.625166280346 10224.041932253556
1.3 0.030010465178188735 2933.0617445103776 3432.5401262476944
1.3 0.04561323862890215 1312.9053189010765 3947.8691942411765
1.3 0.06932806692144523 669.7569073583796 1829.4577464520758
1.3 0.1053724972736073 888.8440442698177 2250.05648627581
1.3 0.16015682644458357 193.89880011486457 602.5630765440783
1.3 0.24342413552369208 134.2810777306302 359.8359680191285
1.3 0.3699830414406966 94.28890925660964 210.1381305338152
1.3 0.5623413251903491 180.57400344721765 529.5745187253256
1.4 0.005623413251903491 6740.123971923549 8832.918044016742
1.4 0.00854708812559251 6797.0512912952245 8637.944613534684
1.4 0.01299081396906348 9505.195744327433 11904.27911254456
1.4 0.019744882128159367 2057.7484357686044 10702.508343386267
1.4 0.030010465178188735 1623.3448757495596 6126.532735407505
1.4 0.04561323862890215 3137.4491205155687 3928.4660760074253
1.4 0.06932806692144523 355.95927479083844 1478.0346854837683
1.4 0.1053724972736073 311.79419411690196 997.9603789687615
1.4 0.16015682644458357 131.91902787103936 615.612570212535
1.4 0.24342413552369208 76.50895332455104 289.06162994633405
1.4 0.3699830414406966 52.50523008993655 144.92119213659336
1.4 0.5623413251903491 81.90635058641274 242.18324560113268
1.5 0.005623413251903491 9369.196689229659 2385.1845464926837
1.5 0.00854708812559251 10279.659119052947 15671.664526337807
1.5 0.01299081396906348 3721.972820284368 5645.107403857148
1.5 0.019744882128159367 2706.311347673408 13084.283608801281
1.5 0.030010465178188735 1048.5408505695139 6318.977150831181
1.5 0.04561323862890215 766.9815689795323 3665.0133593958362
1.5 0.06932806692144523 515.359097062186 1911.6972555845966
1.5 0.1053724972736073 237.54390284053295 798.3455756650374
1.5 0.16015682644458357 129.91346119571185 401.8050068781718
1.5 0.24342413552369208 63.28304162345699 170.11903348591292
1.5 0.3699830414406966 31.608257344863798 130.15295448176266
1.5 0.5623413251903491 50.6105450740812 146.58014730547026
1.5999999999999999 0.005623413251903491 10194.093379305064 11203.418498359963
1.5999999999999999 0.00854708812559251 3861.534661695935 10381.99395949315
1.5999999999999999 0.01299081396906348 7944.150140814397 7158.54216507302
1.5999999999999999 0.019744882128159367 3902.279718495065 4087.6457276204364
1.5999999999999999 0.030010465178188735 2017.4473823178182 4328.502310756341
1.5999999999999999 0.04561323862890215 906.2689607611471 4581.647446648963
1.5999999999999999 0.06932806692144523 562.0276223539765 1330.9342741168107
1.5999999999999999 0.1053724972736073 214.84084344793962 834.0667382942702
1.5999999999999999 0.16015682644458357 96.48762170377725 339.3594326526167
1.5999999999999999 0.24342413552369208 54.73650766023978 131.23560444194047
1.5999999999999999 0.3699830414406966 25.526202564159473 82.59892285933654
1.5999999999999999 0.5623413251903491 36.50492881841359 88.73079349377707
1.7 0.005623413251903491 9741.479028091866 3994.9093357947504
1.7 0.00854708812559251 5355.907189803658 5198.48617322641
1.7 0.01299081396906348 2590.943311515841 8715.917103877731
1.7 0.019744882128159367 3225.2220641256804 3186.4350187515283
1.7 0.030010465178188735 1657.6195435917448 8867.495489754812
1.7 0.04561323862890215 870.0388876702502 4759.660724561338
1.7 0.06932806692144523 531.2701986397823 673.6567594518547
1.7 0.1053724972736073 182.23042002355328 520.5516131550139
1.7 0.16015682644458357 137.1004993327953 219.16506023935634
1.7 0.24342413552369208 41.365804485341016 142.41982140107007
1.7 0.3699830414406966 24.486141116437356 82.95418966848526
1.7 0.5623413251903491 29.652126806025873 68.29016102333502
1.8 0.005623413251903491 10890.797535294341 7527.307189037903
1.8 0.00854708812559251 1716.0315266115751 14855.886635764578
1.8 0.01299081396906348 2101.7199315417665 11463.581261892368
1.8 0.019744882128159367 6553.74661646386 6266.1233300199365
1.8 0.030010465178188735 1130.357774702275 3772.5757841233103
1.8 0.04561323862890215 1023.9503094387294 3257.5432729116187
1.8 0.06932806692144523 571.0151937216178 616.8354345677757
1.8 0.1053724972736073 202.30210849464464 557.5466123046918
1.8 0.16015682644458357 84.18474832404083 182.16959496763752
1.8 0.24342413552369208 34.242669724306275 101.24461094928047
1.8 0.3699830414406966 22.8331571644446 49.68213457241309
1.8 0.5623413251903491 28.91369618253335 75.28352343752528
1.9 0.005623413251903491 5880.170447152488 6988.926895506763
1.9 0.00854708812559251 12908.467798779291 11844.41181599646
1.9 0.01299081396906348 7211.121284408068 9800.115841979554
1.9 0.019744882128159367 5670.723906804927 2859.91160406224
1.9 0.030010465178188735 1069.9202084889469 3355.003424824611
1.9 0.04561323862890215 837.8518648400568 1721.0099109149562
1.9 0.06932806692144523 355.9682150779832 819.6837034339195
1.9 0.1053724972736073 152.68335501400682 426.6569720830357
1.9 0.16015682644458357 69.0228912257954 172.56821381689292
1.9 0.24342413552369208 31.490706983264715 87.42094002392797
1.9 0.3699830414406966 18.048579104492504 42.26708409807002
1.9 0.5623413251903491 21.20449809876146 43.28626463512196
2.0 0.005623413251903491 6490.466490438872 1796.2455188627787
2.0 0.00854708812559251 5907.356140155167 7160.975247761024
2.0 0.01299081396906348 5147.804659086118 6709.825537974244
2.0 0.019744882128159367 3923.937308039903 7891.917251868913
2.0 0.030010465178188735 1338.0444354011252 4347.442933400864
2.0 0.04561323862890215 646.2858649555795 3216.299476369418
2.0 0.06932806692144523 408.55979058292075 1652.012281111351
2.0 0.1053724972736073 188.68717553021878 364.81881081656405
2.0 0.16015682644458357 72.49272054499633 204.4129824496524
2.0 0.24342413552369208 36.815565319054954 65.69845461682414
2.0 0.3699830414406966 17.547037426304897 41.40418716473677
2.0 0.5623413251903491 16.961905691607182 31.032598037961908
2.0999999999999996 0.005623413251903491 12970.406914008056 8608.683823401278
2.0999999999999996 0.00854708812559251 2470.037415554752 4428.926806811953
2.0999999999999996 0.01299081396906348 6873.906059945469 8063.232390630155
2.0999999999999996 0.019744882128159367 4150.921813414876 5136.79260172015
2.0999999999999996 0.030010465178188735 1827.9761923691867 6840.910163603376
2.0999999999999996 0.04561323862890215 835.1341276496541 1139.9544833317645
2.0999999999999996 0.06932806692144523 1104.502159567978 691.5738724064141
2.0999999999999996 0.1053724972736073 136.68096000830647 388.9459821511442
2.0999999999999996 0.16015682644458357 66.55762991435894 197.46866697338723
2.0999999999999996 0.24342413552369208 36.37532353697781 74.08523206281477
2.0999999999999996 0.3699830414406966 18.700445330471396 34.79489875372237
2.0999999999999996 0.5623413251903491 14.32859405330295 31.289857711509494
2.1999999999999997 0.005623413251903491 10239.39096126683 11745.314490099696
2.1999999999999997 0.00854708812559251 6243.787504226219 6294.190030822485
2.1999999999999997 0.01299081396906348 3008.403730588476 14657.66411416233
2.1999999999999997 0.019744882128159367 2656.256586308125 3790.183395342119
2.1999999999999997 0.030010465178188735 1641.651630634523 2396.1686273140185
2.1999999999999997 0.04561323862890215 1130.0316802019997 1688.2385714787404
2.1999999999999997 0.06932806692144523 292.92025401268137 818.1506122359191
2.1999999999999997 0.1053724972736073 147.23016646143168 332.8596107461149
2.1999999999999997 0.16015682644458357 74.48523887503109 126.54794295623331
2.1999999999999997 0.24342413552369208 30.31163605441886 53.96664068394406
2.1999999999999997 0.3699830414406966 16.746799504920638 29.50747231906256
2.1999999999999997 0.5623413251903491 14.103949370380548 22.998011163957106
2.3 0.005623413251903491 6325.706210563609 9583.592218555183
2.3 0.00854708812559251 5996.309455963717 11874.59001693744
2.3 0.01299081396906348 6660.530779761459 9814.301508520059
2.3 0.019744882128159367 2324.8541295750497 3640.2176866536465
2.3 0.030010465178188735 1590.5659109202143 1895.657869679071
2.3 0.04561323862890215 691.6894588771052 818.0724005511453
2.3 0.06932806692144523 418.9496007989109 597.1126925589458
2.3 0.1053724972736073 193.35056102601476 387.041824363346
2.3 0.16015682644458357 56.77885795130342 127.34775444327555
2.3 0.24342413552369208 31.249134881482373 56.66448411356759
2.3 0.3699830414406966 14.807154703846816 27.690036633715213
2.3 0.5623413251903491 14.175177521006303 19.613624864485317
2.4 0.005623413251903491 7127.346602522248 9173.027013090468
2.4 0.00854708812559251 8925.415827713323 4363.159660325468
2.4 0.01299081396906348 4212.756891576072 6053.716455574766
2.4 0.019744882128159367 2821.5203444943168 4861.747952376623
2.4 0.030010465178188735 889.3947393981339 1211.8186986343098
2.4 0.04561323862890215 926.1135830763526 2168.4184315626558
2.4 0.06932806692144523 289.48823010919796 555.7936815925204
2.4 0.1053724972736073 139.08622727580044 230.65717829846685
2.4 0.16015682644458357 78.23597985623012 106.31674906091465
2.4 0.24342413552369208 28.349494222066436 54.793746702932765
2.4 0.3699830414406966 15.8587730868484 27.529386055312255
2.4 0.5623413251903491 12.241784252287948 19.276917030969194
2.5 0.005623413251903491 13361.96361170083 11673.795025076228
2.5 0.00854708812559251 7093.58712628613 4785.551654003542
2.5 0.01299081396906348 9368.989978362923 2236.5560936221673
2.5 0.019744882128159367 1637.5696664237194 2778.1468768218824
2.5 0.030010465178188735 1310.0301396386683 2759.139235640267
2.5 0.04561323862890215 373.0700114311336 851.6501833978817
2.5 0.06932806692144523 267.41776222204635 464.5706470071732
2.5 0.1053724972736073 144.88192310814313 186.85205355670024
2.5 0.16015682644458357 52.57328373867649 111.82855619656613
2.5 0.24342413552369208 28.866397973488635 44.70790302924441
2.5 0.3699830414406966 14.402724667172045 25.622952262469873
2.5 0.5623413251903491 10.857760335032943 18.125322998167345
2.6 0.005623413251903491 9806.306678837494 4431.949326926961
2.6 0.00854708812559251 3233.62031445712 10178.169431212242
2.6 0.01299081396906348 7594.254023798616 4344.477987758449
2.6 0.019744882128159367 3976.4927403091638 4928.142495418107
2.6 0.030010465178188735 779.2655331439677 1926.8391422452048
2.6 0.04561323862890215 641.5511570334371 943.3907048472506
2.6 0.06932806692144523 292.4680975673153 591.7206341805288
2.6 0.1053724972736073 174.05905258137045 308.67266313646354
2.6 0.16015682644458357 57.28808261110181 160.53854172561483
2.6 0.24342413552369208 25.508385867734525 47.46066293139372
2.6 0.3699830414406966 13.647450030175651 26.164552277875078
2.6 0.5623413251903491 10.12499135968436 16.209618056592095
2.6999999999999997 0.005623413251903491 14365.218824096823 10961.44622286877
2.6999999999999997 0.00854708812559251 5920.476917102509 5408.2434268290635
2.6999999999999997 0.01299081396906348 7228.420526452456 7441.769247992946
2.6999999999999997 0.019744882128159367 4091.843179497843 2959.0235113847884
2.6999999999999997 0.030010465178188735 1215.46696217885 6582.868226621568
2.6999999999999997 0.04561323862890215 451.83194714868085 703.6388485381794
2.6999999999999997 0.06932806692144523 425.7544809257132 449.83373615356464
2.6999999999999997 0.1053724972736073 105.24857355626989 192.7151959328678
2.6999999999999997 0.16015682644458357 50.464789690801794 100.76907350189738
2.6999999999999997 0.24342413552369208 25.97373407930179 41.531729723360804
2.6999999999999997 0.3699830414406966 12.547683028659122 21.480038578565065
2.6999999999999997 0.5623413251903491 10.223457610512293 15.668354998732632
2.8 0.005623413251903491 6971.394283605516 8308.746651747872
2.8 0.00854708812559251 3492.05374981972 15714.751985080726
2.8 0.01299081396906348 5689.216023415438 4524.887487753365
2.8 0.019744882128159367 5830.727571060287 3767.9597872615477
2.8 0.030010465178188735 1416.4524646600335 1924.4026936215353
2.8 0.04561323862890215 495.8525634442406 728.4312849320638
2.8 0.06932806692144523 480.319273778975 491.37107598142035
2.8 0.1053724972736073 133.57094297167833 202.98284762741756
2.8 0.16015682644458357 55.20870089539962 89.31084575263728
2.8 0.24342413552369208 26.473060939423128 38.752679145694266
2.8 0.3699830414406966 12.574257779319936 22.536445410086046
2.8 0.5623413251903491 9.132210005953993 13.314904699621781
2.9 0.005623413251903491 5300.144611823226 2917.465263959924
2.9 0.00854708812559251 12296.883341631197 11309.56741390005
2.9 0.01299081396906348 2577.6155851190533 7305.756918988685
2.9 0.019744882128159367 5371.294816523095 2097.0525984220353
2.9 0.030010465178188735 1489.8989857884349 5510.702257364852
2.9 0.04561323862890215 1018.8233191376141 1034.3581536680558
2.9 0.06932806692144523 318.9865492373475 438.6677996227722
2.9 0.1053724972736073 93.33120962969232 183.2202033265792
2.9 0.16015682644458357 62.66005883539042 119.76863813624553
2.9 0.24342413552369208 29.136652329739412 48.44252184652646
2.9 0.3699830414406966 12.086838044776686 23.18782230842041
2.9 0.5623413251903491 9.401920215284957 13.612315206587683
3.0 0.005623413251903491 7785.8925437923535 4397.461851484635
3.0 0.00854708812559251 3301.3386259958693 4033.296341665292
3.0 0.01299081396906348 1660.9400615768573 3099.141846603777
3.0 0.019744882128159367 3887.761466362598 3163.2313538638164
3.0 0.030010465178188735 1022.7380866537783 2149.096034394979
3.0 0.04561323862890215 539.3096651504612 902.275918414238
3.0 0.06932806692144523 351.88793983098907 608.4472759973854
3.0 0.1053724972736073 110.80449198856023 194.3005709961807
3.0 0.16015682644458357 47.4724035715291 101.74875702079174
3.0 0.24342413552369208 23.234145424078676 40.374490273203705
3.0 0.3699830414406966 11.67554020339209 19.300855983017144
3.0 0.5623413251903491 8.935460369192539 13.180646690407654
