1 0.12115276586285882 163.84892192172182
1 2.2387211385683394 nan
4 0.2610157215682536 20.22911819729904
6 2.2387211385683394 4.3556201981156004e+18
4 0.012115276586285882 4009.610931757799
5 0.12115276586285882 44.413678976573095
3 0.012115276586285882 4769.797734729858
4 0.5623413251903491 20.30939439401545
2 4.466835921509632 nan
5 0.026101572156825358 669.8800430943754
1 0.026101572156825358 6786.917817477851
5 2.2387211385683394 9.714033858557196e+18
5 4.466835921509632 9.714033858557196e+18
6 1.1220184543019633 3376.818187895831
4 4.466835921509632 1.5706456085400922e+19
3 0.12115276586285882 61.011362385536586
1 0.012115276586285882 19335.24752174706
6 0.2610157215682536 22.996094216724828
6 0.5623413251903491 32.51386481238679
2 1.1220184543019633 393.0522981940735
6 0.026101572156825358 592.798279303099
2 0.026101572156825358 2027.5606221744933
2 0.2610157215682536 24.613721169800222
3 4.466835921509632 1.2103216812076419e+18
4 0.05623413251903491 228.09221049361156
1 0.05623413251903491 1231.2861577971382
1 0.5623413251903491 15.322657893822896
2 2.2387211385683394 nan
2 0.005623413251903491 35399.88635189367
3 0.026101572156825358 1183.4943791034325
6 0.005623413251903491 13941.106978298681
1 0.005623413251903491 35117.00165815842
6 0.05623413251903491 149.20860367845702
3 2.2387211385683394 1.2103216812076419e+18
4 0.12115276586285882 51.86876121307966
3 0.5623413251903491 15.68399208071062
5 0.012115276586285882 3683.9877256462073
3 1.1220184543019633 1114.0549293723336
2 0.05623413251903491 408.41971724658333
4 2.2387211385683394 1.5706456085400922e+19
1 0.2610157215682536 38.42902649953624
5 0.5623413251903491 25.616606047579676
4 0.005623413251903491 16742.934071368545
2 0.12115276586285882 94.36094802367923
5 0.05623413251903491 163.307096633355
4 0.026101572156825358 907.2138419727804
3 0.2610157215682536 20.1744362314356
5 1.1220184543019633 2268.7696982199877
6 4.466835921509632 4.3556201981156004e+18
2 0.012115276586285882 7974.547549558034
4 1.1220184543019633 2422.094692844384
6 0.12115276586285882 42.06617035492618
3 0.05623413251903491 278.4925487861858
1 1.1220184543019633 744.8122101818054
5 0.2610157215682536 20.767307203874957
3 0.005623413251903491 18344.453418443707
2 0.5623413251903491 14.622904730058968
6 0.012115276586285882 4285.081163038036
1 4.466835921509632 nan
5 0.005623413251903491 14416.914197327445
