1.0 0.6509492259895298 0.0060304083264609
0.3 0.9234259504119378 0.0005572702593274101
2.2 0.10280193525114491 0.0033778838998308695
0.8 0.7585686739150579 0.003698962799051908
2.6 0.08933896911320831 0.002476125566206336
1.3 0.24667155561524762 0.016023184559267763
2.7 0.08703494602379 0.002287034038030097
2.3 0.09848993541206445 0.0028938369503491764
2.5 0.09589283399544814 0.002377768642726911
0.6 0.8364103119744456 0.0017997162908203906
3.0 0.08143204766562527 0.002002391854595617
0.1 0.975041530941847 0.00014236187092146936
1.1 0.5175872245320896 0.016733400831622725
0.7 0.8026437672651292 0.0025476036024057037
0.5 0.8673456151205204 0.001388401983648497
0.4 0.8952661483591933 0.0009050977632630273
1.2 0.3818112805905006 0.021267148897809493
1.7 0.14681387651068012 0.006367856881207528
2.9 0.08558069053321084 0.0018774389321987513
2.0 0.11816725975920436 0.0038492935659078637
2.4 0.09730352545014778 0.0027969866064545294
1.9 0.11333145729248198 0.003895399544324085
2.1 0.11065747393289929 0.0038307977325511508
0.9 0.7123698273401383 0.008254805039588281
1.4 0.21528378565173367 0.013142145198662712
1.5 0.18287135078553202 0.010677224335897932
1.6 0.15617573482933372 0.007283428248922188
0.2 0.9494184841877242 0.00034400884673024763
1.8 0.128416351615564 0.004941063903901806
2.8 0.08720234404989112 0.002202024787754748
