1 0.12115276586285882 1083.2709819599684
4 0.2610157215682536 nan
4 0.012115276586285882 5708.5436528710725
5 0.12115276586285882 207826.29061756856
3 0.012115276586285882 8825.606384179115
4 0.5623413251903491 nan
5 0.026101572156825358 4405.439916894391
1 0.026101572156825358 3151.0287163765433
3 0.12115276586285882 53432.2381609858
1 0.012115276586285882 21155.58209725907
6 0.2610157215682536 1.6542520569161275e+18
6 0.5623413251903491 364358.87937833037
6 0.026101572156825358 7033.23172165045
2 0.026101572156825358 4074.4035180259452
2 0.2610157215682536 85900.2176235603
4 0.05623413251903491 8043.001829762268
1 0.05623413251903491 2018.171473165262
1 0.5623413251903491 43031.447434357564
2 0.005623413251903491 61867.32020846354
3 0.026101572156825358 3233.5522777826363
6 0.005623413251903491 20444.90877378593
1 0.005623413251903491 23302.72397465471
6 0.05623413251903491 59083.90049829951
4 0.12115276586285882 80429.53795924417
3 0.5623413251903491 nan
5 0.012115276586285882 7433.535640715559
2 0.05623413251903491 2379.9114209079894
1 0.2610157215682536 2363.0909751432673
5 0.5623413251903491 7.46778928784245e+19
4 0.005623413251903491 31794.991256867062
2 0.12115276586285882 7134.021088028127
5 0.05623413251903491 38274.40359636285
4 0.026101572156825358 4473.0667934850535
3 0.2610157215682536 nan
2 0.012115276586285882 12686.4618601075
6 0.12115276586285882 1.6542520569161275e+18
3 0.05623413251903491 4038.3684845642942
5 0.2610157215682536 7.46778928784245e+19
3 0.005623413251903491 17871.709104627975
2 0.5623413251903491 2.2705093270303834e+18
6 0.012115276586285882 5700.686086865956
5 0.005623413251903491 30844.18257108364
