1 0.12115276586285882 184.26186512398925
2 0.31622776601683794 2.010260436886475e+16
4 0.2610157215682536 102083.22840063048
4 0.012115276586285882 2951.753318764147
5 0.12115276586285882 143026.12889937276
1 0.023713737056616554 1452.8263490762652
3 0.1333521432163324 2757.8817501878143
3 0.012115276586285882 2356.4260033189876
4 0.5623413251903491 5.115430021227011e+19
5 0.026101572156825358 791.172178378215
1 0.026101572156825358 1249.8681481299207
1 0.31622776601683794 1717.9010090604065
3 0.12115276586285882 2273.127467608702
1 0.012115276586285882 4602.115870111116
5 0.31622776601683794 113729.4946444794
6 0.2610157215682536 19972.902600351117
6 0.5623413251903491 360941.85391879897
6 0.026101572156825358 1419.6921601976112
2 0.026101572156825358 1090.7582040984805
2 0.2610157215682536 30511.151258403606
2 0.01 3905.029813048683
4 0.31622776601683794 81083.94613206835
3 0.023713737056616554 1118.4197603421871
4 0.05623413251903491 780.283854210591
1 0.1333521432163324 234.89009890025838
1 0.05623413251903491 688.1743133923845
2 0.1333521432163324 743.4328634844608
1 0.01 6254.4747516819225
5 0.1333521432163324 14299.208730101025
1 0.5623413251903491 33073220543167.668
4 0.023713737056616554 942.3536788740806
2 0.005623413251903491 13960.96453273905
3 0.026101572156825358 836.7846007801631
6 0.005623413251903491 6561.746309686675
1 0.005623413251903491 25167.582918226806
6 0.05623413251903491 3313.348871674408
4 0.12115276586285882 5294.543327653424
5 0.023713737056616554 881.83884123041
3 0.5623413251903491 1.8467580627469976e+19
5 0.01 2972.5547832494804
5 0.012115276586285882 2011.208345873677
2 0.05623413251903491 396.7533305585301
3 0.01 3592.256067437353
3 0.31622776601683794 34602.687354204645
1 0.2610157215682536 521.521730263466
5 0.5623413251903491 1.1603810399747142e+17
2 0.023713737056616554 1495.2204421033957
4 0.005623413251903491 10399.756929450801
2 0.12115276586285882 582.3636918288602
5 0.05623413251903491 1482.4835917855987
4 0.026101572156825358 1199.2751625350556
3 0.2610157215682536 92027.41358824461
2 0.012115276586285882 3827.2218379605033
4 0.1333521432163324 22440.08569441043
4 0.01 5309.069932984761
6 0.12115276586285882 64579.47339182772
3 0.05623413251903491 704.8419997756321
5 0.2610157215682536 92937.2306751796
3 0.005623413251903491 7394.941672076366
2 0.5623413251903491 7.365184265067932e+18
6 0.012115276586285882 2425.540958612175
5 0.005623413251903491 7741.277647487688
