1.0 0.6356062856331511 0.019315619293819874
0.3 0.9235930463779621 0.0014585475725015572
2.2 0.13512262354108953 0.015159816854638249
0.8 0.7489603887202279 0.020305304237153536
2.6 0.08785169263716204 0.008843180400652012
1.3 0.3067415691161334 0.060307543881698004
2.7 0.09002689112258125 0.006922770704329278
2.3 0.08872847992643505 0.008390561753896957
2.5 0.08626605846828553 0.007595252003342812
0.6 0.8344777327130225 0.0025483906923313314
3.0 0.082459381429037 0.009866492172657228
0.1 0.975187584813737 0.0003256406775601795
1.1 0.5255478097122762 0.08309507093914303
0.7 0.8166231641584547 0.008044497160463874
0.5 0.871084421584004 0.004824363544833988
0.4 0.8909362007635578 0.00401604029137025
1.2 0.42802220462133195 0.025606299341065255
1.7 0.15828322868729114 0.014180367079102356
2.9 0.07135750977610081 0.004821272104052513
2.0 0.09068207830783305 0.010006083582132022
2.4 0.10458843503025757 0.013316946425121648
1.9 0.10690738152196169 0.008302873014990596
2.1 0.10974926776968826 0.010963175757697823
0.9 0.73299536094574 0.0076198571991112785
1.4 0.14347301419384528 0.016448860130009128
1.5 0.1697430106697662 0.022103406859923524
1.6 0.16506994055003701 0.011356642966858116
0.2 0.9477734178761518 0.0012517704689266735
1.8 0.11533508873707346 0.00989095785457105
2.8 0.07852368126614605 0.00647460310255433
